16.988030769230768
16.988722222222222
16.988246428571426
16.98834137931034
16.987909999999996
16.988516129032256
16.988106249999998
16.988669696969694
16.988738235294115
16.990145714285713
16.990169444444444
16.989348648648647
16.988981578947367
16.98903333333333
16.9886925
16.98913170731707
16.988804761904763
16.98922093023256
16.989618181818184
16.98999777777778
16.98934130434783
16.989710638297876
16.990716666666668
16.990404081632654
16.990404081632654
16.99104285714286
16.990404081632654
16.990404081632654
16.98976530612245
16.989444897959185
16.98912653061225
16.988487755102046
16.988487755102046
16.98976530612245
16.990404081632654
16.990404081632654
16.989767346938777
16.99072653061225
16.991683673469392
16.992640816326535
16.99232040816327
16.99327959183674
16.994236734693885
16.99327959183674
16.992640816326535
16.992322448979596
16.992642857142865
16.992324489795923
16.99264285714286
16.99264285714286
16.99264285714286
16.993281632653066
16.992963265306127
16.992963265306127
16.992963265306127
16.992644897959188
16.992644897959188
16.99232653061225
16.99104897959184
16.99104897959184
16.992006122448988
16.992006122448988
16.99168775510205
16.992006122448988
16.99168571428572
16.992324489795923
16.992324489795923
16.992324489795923
16.992004081632658
16.9929612244898
16.992322448979596
16.991044897959192
16.99072653061225
16.990089795918372
16.990089795918372
16.990089795918372
16.990089795918372
16.99040816326531
16.990728571428576
16.991046938775515
16.99168571428572
16.99168571428572
16.99040816326531
16.990087755102046
16.989769387755107
16.990406122448984
16.989446938775515
16.98912653061225
16.98880612244898
16.98912653061225
16.988167346938777
16.988167346938777
16.989124489795923
16.989763265306127
16.990081632653062
16.990081632653062
16.990400000000005
16.990081632653066
16.99072040816327
16.989763265306127
16.989763265306127
16.989763265306127
16.990081632653062
16.988804081632654
16.989440816326535
16.989440816326535
16.98975918367347
16.99007755102041
16.99007755102041
16.989438775510205
16.989757142857144
16.990075510204083
16.9894387755102
16.9894387755102
16.990077551020406
16.989120408163263
16.988799999999998
16.98816326530612
16.98784285714285
16.98816122448979
16.98816122448979
16.988479591836732
16.988479591836732
16.989118367346936
16.989118367346936
16.98943673469387
16.98943673469387
16.989116326530606
16.989116326530606
16.98879591836734
16.98879591836734
16.98911428571428
16.989434693877545
16.99007346938775
16.991032653061218
16.991032653061218
16.991353061224483
16.991353061224483
16.99071428571428
16.99167346938775
16.991353061224483
16.99071428571428
16.99071428571428
16.99071428571428
16.990393877551014
16.991032653061218
16.991351020408157
16.991030612244888
16.99134897959183
16.990710204081626
16.99134897959183
16.99134897959183
16.992626530612238
16.992626530612238
16.992306122448973
16.991987755102034
16.991987755102034
16.9923081632653
16.9923081632653
16.992628571428565
16.99231020408163
16.99262857142857
16.99262857142857
16.991989795918364
16.992946938775507
16.993267346938776
16.99422448979592
16.99422448979592
16.99422448979592
16.99422448979592
16.99422448979592
16.994861224489796
16.993902040816327
16.994220408163265
16.993902040816327
16.993583673469388
16.99326530612245
16.994224489795922
16.994544897959187
16.994224489795922
16.994224489795922
16.994224489795922
16.993904081632653
16.99326530612245
16.99326530612245
16.992308163265307
16.992628571428572
16.993267346938776
16.991989795918368
16.99135306122449
16.99167142857143
16.991351020408164
16.992628571428572
16.992628571428572
16.993267346938776
16.992948979591837
16.992948979591837
16.993267346938776
16.99358571428571
16.993265306122446
16.994224489795915
16.99390408163265
16.994224489795915
16.994224489795915
16.99486326530612
16.995183673469384
16.995183673469384
16.995822448979588
16.996461224489792
16.99677959183673
16.99709795918367
16.99805714285714
16.998695918367343
16.998375510204077
16.99901428571428
16.999653061224485
16.99997346938775
17.000293877551016
17.000612244897955
17.000612244897955
17.00093265306122
17.00093265306122
17.00061428571428
17.001253061224485
17.002530612244893
17.003169387755097
17.003487755102036
17.003487755102036
17.00285102040816
17.00253265306122
17.001893877551016
17.001893877551016
17.00157346938775
17.001255102040812
17.00189183673469
17.00189183673469
17.000934693877547
17.002212244897954
17.002212244897954
17.002212244897954
17.001893877551016
17.000936734693873
17.001257142857142
17.00029795918367
17.00029795918367
17.00029795918367
16.999661224489792
16.999342857142857
16.999342857142857
16.997746938775506
16.997746938775506
16.997108163265302
16.99742857142857
16.99806734693877
16.99742857142857
16.996789795918367
16.9964693877551
16.99551020408163
16.99519183673469
16.996151020408163
16.99519183673469
16.993914285714283
16.993277551020405
16.992318367346936
16.991359183673467
16.990720408163263
16.991359183673467
16.991679591836732
16.992318367346936
16.992318367346936
16.992318367346936
16.993595918367344
16.99295714285714
16.99199795918367
16.991677551020405
16.990720408163263
16.990720408163263
16.991677551020405
16.991359183673467
16.99199795918367
16.99199795918367
16.991040816326528
16.991679591836732
16.991361224489793
16.99040408163265
16.99040408163265
16.98848775510204
16.98848775510204
16.9875306122449
16.988169387755104
16.9875306122449
16.986891836734696
16.985616326530614
16.98497755102041
16.984020408163268
16.983700000000002
16.983381632653064
16.983063265306125
16.983381632653067
16.983381632653067
16.98402040816327
16.982742857142863
16.981146938775513
16.981146938775513
16.980828571428574
16.980510204081636
16.980191836734697
16.980510204081636
16.979232653061228
16.979232653061228
16.979232653061228
16.979232653061228
16.97827551020409
16.977638775510208
16.97732040816327
16.97508571428572
16.97348979591837
16.972532653061226
16.971575510204083
16.970938775510206
16.969022448979594
16.96870408163265
16.968385714285716
16.967428571428574
16.96647142857143
16.965832653061227
16.965193877551023
16.965512244897962
16.964873469387758
16.96455510204082
16.96423673469388
16.963279591836738
16.962640816326534
16.961363265306126
16.96104285714286
16.961681632653065
16.961361224489803
16.96104285714286
16.960085714285718
16.959128571428575
16.958810204081633
16.95817142857143
16.958491836734694
16.958491836734694
16.957216326530613
16.957216326530613
16.95657755102041
16.955938775510205
16.954663265306124
16.953067346938774
16.95211020408163
16.951471428571427
16.94955714285714
16.949236734693876
16.948597959183672
16.94764081632653
16.947004081632652
16.94636530612245
16.945089795918367
16.944451020408163
16.943173469387755
16.943173469387755
16.942853061224493
16.942532653061228
16.942532653061228
16.943171428571432
16.942532653061228
16.94125510204082
16.940934693877555
16.940616326530616
16.93902040816327
16.938063265306127
16.93774489795919
16.937106122448984
16.93423265306123
16.933275510204084
16.931679591836737
16.930722448979594
16.928808163265305
16.928808163265305
16.928169387755105
16.92689387755102
16.927532653061224
16.92657551020408
16.92561836734694
16.92561836734694
16.924979591836735
16.92434081632653
16.92465918367347
16.924338775510208
16.924338775510208
16.923700000000004
16.92338163265306
16.924657142857143
16.922422448979592
16.92114693877551
16.92018979591837
16.919551020408164
16.91891224489796
16.91859387755102
16.91891224489796
16.92018775510204
16.9192306122449
16.91731632653061
16.91635918367347
16.915081632653063
16.91380612244898
16.913167346938778
16.910932653061224
16.910932653061224
16.90997551020408
16.908061224489792
16.90710408163265
16.906146938775507
16.9048693877551
16.9042306122449
16.903273469387752
16.90231632653061
16.900399999999998
16.900399999999998
16.899442857142855
16.899442857142855
16.897526530612243
16.89880408163265
16.897846938775512
16.896889795918366
16.896889795918366
16.896889795918366
16.89529387755102
16.894336734693876
16.893697959183672
16.892102040816322
16.89114489795918
16.889548979591833
16.887634693877544
16.887316326530605
16.885399999999994
16.884124489795912
16.88188979591836
16.880612244897954
16.879016326530607
16.877099999999995
16.875185714285706
16.876781632653056
16.87614285714285
16.87486530612244
16.8739081632653
16.872951020408152
16.871673469387744
16.86943877551019
16.867524489795905
16.867206122448966
16.8668857142857
16.866246938775497
16.86496938775509
16.86433061224488
16.863053061224473
16.86433061224488
16.863053061224473
16.862734693877538
16.863373469387742
16.862095918367334
16.861136734693865
16.85954081632652
16.85826326530611
16.857942857142845
16.85602857142856
16.855391836734682
16.85475306122448
16.853793877551006
16.852836734693867
16.852518367346924
16.85219999999999
16.850922448979578
16.851561224489785
16.849644897959173
16.848685714285704
16.8480469387755
16.847087755102027
16.846767346938766
16.845810204081623
16.844853061224484
16.844853061224484
16.84453265306122
16.84389387755101
16.843575510204072
16.841979591836726
16.841661224489783
16.84070408163264
16.840383673469375
16.840065306122437
16.840704081632644
16.8397469387755
16.839426530612236
16.83878979591836
16.838469387755097
16.836553061224485
16.83719183673469
16.83719183673469
16.83719183673469
16.836232653061217
16.836232653061217
16.834955102040812
16.834955102040812
16.833677551020404
16.833359183673462
16.832081632653054
16.832081632653054
16.831122448979585
16.829844897959177
16.829208163265296
16.829208163265296
16.82793061224489
16.82761224489795
16.826655102040807
16.826973469387745
16.826973469387745
16.82633469387754
16.82569795918366
16.824420408163252
16.824102040816314
16.822506122448967
16.82314489795917
16.821228571428556
16.820910204081617
16.819953061224474
16.819634693877536
16.81867755102039
16.817081632653043
16.816761224489778
16.816440816326512
16.8145244897959
16.813887755102023
16.812610204081615
16.812928571428554
16.812928571428554
16.811651020408146
16.81197142857141
16.811334693877534
16.81069591836733
16.808140816326514
16.8062244897959
16.80558775510202
16.80590612244896
16.80558775510202
16.80686530612243
16.80558775510202
16.80495102040814
16.802716326530593
16.80239795918365
16.801761224489773
16.80112244897957
16.800485714285692
16.799846938775488
16.799208163265284
16.79697551020406
16.795061224489775
16.793465306122428
16.793465306122428
16.792506122448955
16.791548979591813
16.790912244897935
16.79027346938773
16.78899795918365
16.787720408163242
16.787399999999977
16.787081632653038
16.78612244897957
16.785483673469365
16.78388775510202
16.782928571428545
16.781012244897937
16.780373469387733
16.778777551020386
16.778777551020386
16.77845714285712
16.77749999999998
16.778138775510183
16.77718163265304
16.776542857142836
16.77718163265304
16.77622244897957
16.775265306122428
16.77366938775508
16.772391836734673
16.772073469387735
16.770477551020388
16.76919999999998
16.768242857142837
16.768242857142837
16.7672857142857
16.766965306122433
16.765051020408148
16.76313673469386
16.76249795918366
16.761859183673455
16.760581632653047
16.76089999999998
16.75930408163264
16.75770816326529
16.758346938775492
16.757069387755084
16.75675102040815
16.75675102040815
16.75675102040815
16.756432653061207
16.756432653061207
16.754518367346922
16.753881632653044
16.752606122448963
16.75324285714284
16.7522857142857
16.75260408163264
16.753242857142844
16.7522857142857
16.75036938775509
16.74941224489795
16.74813673469387
16.74813673469387
16.74781836734693
16.74749999999999
16.747181632653053
16.74654285714285
16.744628571428564
16.742393877551013
16.74175510204081
16.740159183673462
16.740159183673462
16.739522448979585
16.738565306122446
16.737289795918365
16.736971428571422
16.736971428571422
16.73601428571428
16.735695918367337
16.735695918367337
16.735057142857134
16.734738775510195
16.733781632653052
16.733463265306113
16.731867346938767
16.731546938775505
16.73122653061224
16.729630612244897
16.728355102040812
16.728036734693873
16.726440816326527
16.726759183673465
16.7264387755102
16.72516326530612
16.72516326530612
16.724206122448976
16.722291836734687
16.721971428571425
16.72037551020408
16.719099999999997
16.718461224489793
16.71814081632653
16.71814081632653
16.717504081632654
16.715589795918365
16.714951020408165
16.712079591836737
16.71112244897959
16.711761224489795
16.711761224489795
16.709844897959186
16.70952448979592
16.709206122448983
16.708248979591836
16.70633469387755
16.706016326530612
16.706016326530612
16.706336734693878
16.706336734693878
16.70601836734694
16.705699999999997
16.705061224489793
16.70410408163265
16.703783673469385
16.703783673469385
16.702508163265303
16.703465306122446
16.70314489795918
16.70218571428571
16.70091020408163
16.69995102040816
16.699312244897953
16.698353061224484
16.69771428571428
16.697075510204073
16.696436734693865
16.69675714285713
16.695799999999988
16.69484081632652
16.695161224489784
16.693565306122437
16.69196938775509
16.691330612244887
16.690053061224475
16.690371428571414
16.689414285714275
16.688775510204067
16.68973265306121
16.689412244897945
16.689412244897945
16.689732653061206
16.689732653061206
16.689093877551002
16.690051020408145
16.689732653061206
16.691008163265288
16.69164693877549
16.690689795918345
16.69005102040814
16.69132857142855
16.6897326530612
16.68749795918365
16.68749795918365
16.688134693877522
16.688453061224465
16.687175510204057
16.68685510204079
16.68653673469385
16.68525918367344
16.684299999999972
16.683022448979564
16.682065306122425
16.682065306122425
16.68142653061222
16.68142653061222
16.680469387755075
16.680151020408136
16.679193877550993
16.679193877550993
16.67855714285712
16.677281632653038
16.676324489795896
16.675687755102018
16.675687755102018
16.674412244897937
16.672816326530594
16.673453061224468
16.673773469387733
16.671538775510182
16.67058163265304
16.67058163265304
16.6696244897959
16.66834897959182
16.667073469387738
16.667073469387738
16.665159183673453
16.663563265306102
16.662606122448963
16.660051020408147
16.658134693877535
16.657175510204066
16.65589795918366
16.653663265306108
16.6523857142857
16.651746938775492
16.648873469387738
16.646638775510183
16.645363265306102
16.644085714285694
16.644406122448963
16.645044897959167
16.64376734693876
16.64376734693876
16.643128571428555
16.643128571428555
16.642491836734678
16.64121428571427
16.64089591836733
16.63962040816325
16.639940816326515
16.640577551020392
16.639940816326515
16.638663265306107
16.637706122448968
16.636110204081618
16.633875510204067
16.633875510204067
16.63323673469386
16.631320408163248
16.631320408163248
16.6303632653061
16.630042857142836
16.628767346938755
16.629406122448962
16.629406122448962
16.62813061224488
16.626853061224473
16.62621428571427
16.626534693877534
16.626216326530596
16.625895918367327
16.62621428571427
16.624936734693858
16.62365918367345
16.624616326530592
16.624616326530592
16.624936734693858
16.625257142857123
16.62557755102039
16.623663265306103
16.623344897959164
16.624302040816307
16.624622448979572
16.62334693877549
16.623985714285695
16.623985714285695
16.624624489795902
16.624624489795902
16.624624489795902
16.622708163265287
16.62143061224488
16.619516326530594
16.61760204081631
16.61760204081631
16.616963265306104
16.616006122448958
16.615046938775492
16.613769387755084
16.612491836734673
16.610257142857126
16.609936734693857
16.60961836734692
16.609297959183653
16.607702040816307
16.607063265306103
16.60610612244896
16.6064244897959
16.607063265306103
16.605785714285695
16.60514693877549
16.604189795918348
16.603551020408144
16.602273469387733
16.60163469387753
16.600038775510182
16.59908163265304
16.599720408163243
16.59748571428569
16.59748571428569
16.596528571428546
16.596528571428546
16.596528571428546
16.59748571428569
16.595571428571404
16.594612244897938
16.592695918367323
16.59205714285712
16.590140816326507
16.58982040816324
16.589181632653037
16.58790408163263
16.58566938775508
16.583753061224467
16.582793877551
16.583432653061205
16.582155102040794
16.580877551020386
16.579279591836713
16.578961224489774
16.578961224489774
16.57832244897957
16.577044897959162
16.576726530612223
16.57481020408161
16.574171428571407
16.574171428571407
16.574171428571407
16.574171428571407
16.574171428571407
16.572893877551
16.570977551020388
16.569063265306102
16.569063265306102
16.569063265306102
16.5684244897959
16.56682857142855
16.56650816326529
16.56618979591835
16.565551020408147
16.564912244897943
16.564912244897943
16.564591836734678
16.563632653061212
16.56395102040815
16.563312244897947
16.562355102040804
16.562355102040804
16.561077551020396
16.559161224489785
16.556926530612234
16.55660612244897
16.554691836734683
16.55532857142856
16.554371428571418
16.55405306122448
16.553414285714275
16.552136734693867
16.55181836734693
16.552457142857133
16.552457142857133
16.552457142857133
16.553414285714275
16.552777551020398
16.55149999999999
16.55054285714285
16.54990612244897
16.54990612244897
16.54990612244897
16.54958775510203
16.548310204081623
16.548948979591827
16.54767142857142
16.548310204081623
16.54767142857142
16.546714285714277
16.54543673469387
16.54415918367346
16.54320204081632
16.541287755102033
16.54064897959183
16.53905306122448
16.538732653061214
16.538414285714275
16.537136734693867
16.536818367346932
16.53649999999999
16.536179591836724
16.536179591836724
16.53554081632652
16.534583673469378
16.5339469387755
16.532032653061215
16.532032653061215
16.53171428571428
16.530755102040807
16.529795918367338
16.529157142857134
16.530116326530603
16.530436734693872
16.53011836734693
16.530755102040807
16.53043673469387
16.529797959183664
16.528520408163256
16.527244897959175
16.52788367346938
16.526287755102032
16.52437142857142
16.522138775510196
16.521179591836727
16.5189469387755
16.517351020408153
16.516073469387745
16.51575306122448
16.514157142857133
16.513199999999987
16.513199999999987
16.511604081632644
16.510967346938767
16.509053061224478
16.507457142857135
16.50681836734693
16.505861224489788
16.504904081632645
16.504904081632645
16.504904081632645
16.504265306122445
16.504265306122445
16.5033081632653
16.50458367346938
16.50362653061224
16.503306122448972
16.503944897959176
16.502985714285707
16.50107142857142
16.50011428571428
16.498518367346932
16.49787959183673
16.49660204081632
16.49564285714285
16.495004081632644
16.493089795918358
16.491173469387746
16.4902163265306
16.489259183673457
16.48766326530611
16.486385714285703
16.485108163265295
16.48351224489795
16.481597959183663
16.479683673469378
16.479365306122443
16.4790469387755
16.4790469387755
16.478089795918358
16.47777142857142
16.47777142857142
16.478408163265296
16.477132653061215
16.47681224489795
16.47808775510203
16.47713061224489
16.475855102040807
16.476491836734684
16.47585306122448
16.473936734693865
16.47329795918366
16.472977551020392
16.472657142857127
16.472657142857127
16.472018367346923
16.472018367346923
16.47106122448978
16.470104081632634
16.468508163265287
16.468508163265287
16.46818979591835
16.468510204081614
16.467234693877533
16.46755306122447
16.46627755102039
16.4637244897959
16.46308775510202
16.462767346938755
16.462448979591816
16.46276938775508
16.462132653061204
16.461493877550996
16.461493877550996
16.462132653061204
16.46181224489794
16.460855102040796
16.46117551020406
16.461495918367326
16.462134693877534
16.460538775510187
16.458942857142837
16.4586244897959
16.45798571428569
16.45798571428569
16.457667346938752
16.457667346938752
16.456389795918344
16.4554326530612
16.4554326530612
16.45383673469385
16.451604081632627
16.45224285714283
16.451924489795893
16.450010204081607
16.450010204081607
16.449371428571403
16.447457142857118
16.446181632653037
16.446181632653037
16.445863265306098
16.445544897959163
16.44586530612243
16.444908163265286
16.4436326530612
16.442036734693854
16.44139795918365
16.44107959183671
16.440761224489776
16.4401244897959
16.43884693877549
16.437569387755083
16.43693061224488
16.436293877551
16.435655102040798
16.437569387755083
16.437248979591818
16.436291836734675
16.435014285714267
16.434375510204063
16.434055102040798
16.434375510204063
16.43214285714284
16.43022857142855
16.429271428571408
16.42991020408161
16.428632653061204
16.427993877551
16.426397959183653
16.426079591836714
16.426079591836714
16.425759183673446
16.425759183673446
16.423842857142834
16.423204081632633
16.422883673469364
16.423840816326507
16.422883673469364
16.422563265306096
16.42224489795916
16.423840816326507
16.4225632653061
16.421606122448956
16.421606122448956
16.420330612244875
16.41969183673467
16.41969183673467
16.418414285714263
16.417138775510182
16.417457142857117
16.416818367346913
16.415222448979566
16.415540816326505
16.415540816326505
16.415540816326505
16.415222448979563
16.41426530612242
16.413626530612216
16.41234897959181
16.411710204081604
16.411710204081604
16.4110714285714
16.409475510204054
16.40883673469385
16.406604081632626
16.405646938775483
16.40500816326528
16.404051020408136
16.40309387755099
16.4005408163265
16.399263265306093
16.39862448979589
16.398304081632627
16.397665306122423
16.395112244897934
16.39447346938773
16.39447346938773
16.39447346938773
16.395430612244873
16.396387755102015
16.395112244897934
16.395112244897934
16.395112244897934
16.395112244897934
16.392559183673445
16.391283673469363
16.39064489795916
16.39032653061222
16.389369387755078
16.388730612244874
16.387773469387728
16.387773469387728
16.386816326530585
16.387134693877528
16.386495918367324
16.38585714285712
16.38617755102038
16.386495918367324
16.383942857142834
16.38202857142855
16.38202857142855
16.38011428571426
16.37787959183671
16.376922448979567
16.37564489795916
16.375324489795894
16.37468571428569
16.374046938775486
16.37436734693875
16.374048979591812
16.37373061224487
16.374048979591812
16.37341020408161
16.373089795918343
16.371175510204058
16.37085714285712
16.371175510204058
16.371175510204058
16.37181428571426
16.371175510204058
16.37181428571426
16.37085714285712
16.370538775510177
16.37149591836732
16.371816326530585
16.370220408163235
16.369902040816296
16.36830612244895
16.366391836734664
16.365114285714256
16.36351836734691
16.36319999999997
16.36160408163262
16.36288163265303
16.36160408163262
16.36064693877548
16.35905102040813
16.35713469387752
16.35458163265303
16.35458163265303
16.353942857142826
16.353622448979564
16.352026530612218
16.351708163265275
16.350751020408133
16.349473469387725
16.34883469387752
16.349791836734664
16.350748979591806
16.350748979591806
16.351067346938745
16.351067346938745
16.351385714285687
16.35234285714283
16.351385714285687
16.35170612244895
16.350430612244867
16.34915306122446
16.348832653061198
16.348512244897933
16.346597959183647
16.345322448979566
16.345004081632627
16.345322448979562
16.34468367346936
16.34308775510201
16.342448979591808
16.3411714285714
16.34085306122446
16.339257142857115
16.338299999999975
16.337022448979567
16.336383673469363
16.334787755102017
16.334148979591813
16.331914285714262
16.33031836734692
16.33031836734692
16.33031836734692
16.329361224489773
16.32872244897957
16.327444897959165
16.325210204081614
16.325210204081614
16.326167346938757
16.325528571428553
16.326167346938757
16.326485714285692
16.325528571428553
16.324251020408145
16.322975510204063
16.322657142857125
16.321379591836717
16.321379591836717
16.32201836734692
16.321061224489778
16.321061224489778
16.320422448979574
16.318826530612228
16.317551020408146
16.317232653061208
16.31467959183672
16.31212653061223
16.310212244897944
16.307977551020397
16.30829591836733
16.307977551020397
16.30670204081631
16.305106122448965
16.30446734693876
16.303828571428557
16.302871428571418
16.302232653061214
16.302232653061214
16.30127551020407
16.299997959183663
16.299997959183663
16.297763265306113
16.29712448979591
16.298720408163256
16.29904081632652
16.29808367346938
16.297763265306113
16.29712448979591
16.297763265306113
16.297763265306113
16.296485714285705
16.294889795918362
16.294889795918362
16.294571428571423
16.29489183673469
16.29584897959183
16.295210204081627
16.294253061224484
16.293295918367345
16.2917
16.289785714285713
16.288508163265305
16.28882857142857
16.288508163265305
16.2878693877551
16.28691224489796
16.28595510204082
16.28372040816327
16.282124489795923
16.280210204081637
16.279891836734702
16.278295918367352
16.277657142857148
16.277018367346944
16.277975510204087
16.277657142857148
16.277975510204087
16.277975510204087
16.277336734693883
16.277016326530617
16.27542040816327
16.275740816326536
16.27637959183674
16.27637959183674
16.275102040816332
16.274783673469393
16.274465306122455
16.275422448979597
16.274465306122455
16.274785714285724
16.27606326530613
16.275106122448985
16.274148979591843
16.272553061224496
16.272553061224496
16.27095714285715
16.270000000000007
16.26840408163266
16.26840408163266
16.266808163265313
16.267446938775517
16.265212244897963
16.26457346938776
16.262977551020413
16.261063265306127
16.261063265306127
16.260424489795923
16.259146938775512
16.259785714285716
16.25946530612245
16.26074285714286
16.258508163265308
16.256593877551023
16.255636734693876
16.255636734693876
16.25404081632653
16.25404081632653
16.25372244897959
16.25372244897959
16.253402040816326
16.253402040816326
16.252124489795914
16.250846938775503
16.250846938775503
16.250526530612238
16.2502081632653
16.250526530612234
16.2502081632653
16.247973469387745
16.248291836734687
16.24701428571428
16.24445918367346
16.243502040816317
16.243183673469378
16.241906122448967
16.239671428571416
16.239353061224477
16.239353061224477
16.237118367346927
16.23584081632652
16.23679795918366
16.23488163265305
16.23488163265305
16.233924489795903
16.234244897959172
16.23392653061223
16.233606122448965
16.233606122448965
16.233606122448965
16.232010204081618
16.232010204081618
16.231053061224472
16.231053061224472
16.231371428571414
16.229775510204064
16.229775510204064
16.229775510204064
16.228497959183656
16.228497959183656
16.227220408163248
16.227859183673452
16.228816326530595
16.22817755102039
16.227538775510187
16.22721836734692
16.226261224489775
16.22562244897957
16.222748979591817
16.22115306122447
16.22115306122447
16.220195918367327
16.219557142857123
16.217322448979573
16.217004081632634
16.21636530612243
16.214451020408145
16.213173469387733
16.2128551020408
16.211897959183652
16.211897959183652
16.21221836734692
16.21221836734692
16.211897959183652
16.211897959183652
16.211577551020387
16.20998163265304
16.20774693877549
16.20742653061222
16.20742653061222
16.20519183673467
16.20487346938773
16.204553061224466
16.2042326530612
16.20455102040814
16.20455102040814
16.204232653061204
16.20231632653059
16.20199795918365
16.202636734693854
16.20199795918365
16.201359183673446
16.199442857142834
16.198165306122426
16.197846938775488
16.19625102040814
16.195932653061202
16.195293877551
16.194655102040795
16.193697959183652
16.193377551020387
16.191781632653036
16.191142857142832
16.190824489795897
16.190824489795897
16.19050408163263
16.18922653061222
16.18922653061222
16.188908163265285
16.18858775510202
16.18922653061222
16.188908163265285
16.188908163265285
16.18826938775508
16.187948979591816
16.187310204081612
16.186671428571408
16.186989795918343
16.186989795918343
16.18635102040814
16.186669387755074
16.186030612244874
16.18539183673467
16.18507346938773
16.185393877550997
16.185393877550997
16.186671428571405
16.186353061224466
16.185395918367323
16.186034693877527
16.185395918367323
16.18443877551018
16.184120408163242
16.182842857142834
16.181883673469365
16.180606122448957
16.179648979591814
16.178371428571406
16.176136734693856
16.175818367346917
16.17549795918365
16.175179591836713
16.174861224489774
16.173583673469366
16.17230612244896
16.171985714285693
16.17102857142855
16.17071020408161
16.170389795918346
16.169432653061204
16.168793877551
16.1681551020408
16.16783469387753
16.16687755102039
16.16560204081631
16.16624081632651
16.166879591836715
16.16624081632651
16.16560204081631
16.16400612244896
16.163048979591817
16.162091836734675
16.161134693877532
16.16017755102039
16.160495918367328
16.16017755102039
16.158581632653043
16.15730408163264
16.156346938775496
16.154112244897945
16.152195918367333
16.152195918367333
16.151875510204068
16.151236734693864
16.15059795918366
16.150277551020395
16.14963877551019
16.148361224489783
16.146126530612232
16.146126530612232
16.14516938775509
16.144530612244886
16.144212244897947
16.143893877551008
16.14357551020407
16.144214285714273
16.14389591836733
16.145171428571413
16.14453265306121
16.142936734693865
16.1426163265306
16.1426163265306
16.1426163265306
16.141977551020396
16.140702040816315
16.14006326530611
16.138785714285703
16.137828571428564
16.13718979591836
16.136871428571418
16.13751020408162
16.13623469387754
16.135277551020398
16.135595918367336
16.134638775510194
16.133681632653047
16.132404081632643
16.131128571428558
16.130808163265296
16.130169387755092
16.129851020408154
16.129851020408154
16.12953265306121
16.127618367346926
16.126979591836722
16.127618367346926
16.126979591836722
16.125383673469376
16.125704081632637
16.126024489795903
16.12506734693876
16.12411020408162
16.12251428571427
16.12251428571427
16.120599999999985
16.120281632653047
16.120281632653047
16.12123877551019
16.119642857142843
16.119322448979577
16.11804489795917
16.11676734693876
16.11581020408162
16.115489795918357
16.11421224489795
16.113891836734684
16.1119775510204
16.11165918367346
16.11197959183672
16.112618367346926
16.11102244897958
16.110704081632637
16.11134285714284
16.109426530612232
16.10910816326529
16.10783265306121
16.106875510204066
16.10591836734692
16.10496122448978
16.10240816326529
16.101769387755088
16.10049183673468
16.0992163265306
16.098577551020394
16.09825714285713
16.09793877551019
16.097299999999986
16.096981632653044
16.09666326530611
16.095706122448966
16.095067346938762
16.095067346938762
16.0953857142857
16.0947469387755
16.093471428571416
16.092195918367334
16.09283469387754
16.0918775510204
16.091557142857134
16.090281632653053
16.08900612244897
16.08932448979591
16.08677142857142
16.087728571428567
16.085812244897955
16.084536734693874
16.083261224489792
16.08357959183673
16.082942857142854
16.083263265306115
16.082944897959177
16.081987755102034
16.081669387755095
16.081032653061218
16.07943673469387
16.07943673469387
16.07847959183673
16.076883673469382
16.07464897959183
16.073053061224485
16.07145714285714
16.070818367346938
16.071777551020407
16.07241632653061
16.07337346938775
16.07337346938775
16.073055102040815
16.073055102040815
16.073055102040815
16.072097959183672
16.07305714285714
16.07337551020408
16.07305714285714
16.07178163265306
16.070824489795918
16.070506122448982
16.070187755102044
16.07082448979592
16.070185714285717
16.069228571428575
16.068271428571435
16.067953061224493
16.067953061224493
16.067953061224493
16.068591836734697
16.067634693877558
16.067634693877558
16.066038775510208
16.066675510204085
16.066675510204085
16.065400000000004
16.065400000000004
16.06220816326531
16.061889795918372
16.061889795918372
16.061251020408168
16.06093265306123
16.06093265306123
16.060293877551025
16.059016326530617
16.059334693877556
16.059653061224495
16.059653061224495
16.059653061224495
16.059334693877556
16.059334693877556
16.0602918367347
16.0602918367347
16.062206122448984
16.062206122448984
16.061569387755107
16.060930612244903
16.059334693877556
16.058057142857148
16.056461224489805
16.056461224489805
16.055502040816332
16.055502040816332
16.056140816326536
16.055502040816332
16.055183673469397
16.05390612244899
16.05486326530613
16.054224489795928
16.054224489795928
16.05294693877552
16.05167142857144
16.05167142857144
16.05135102040817
16.05135102040817
16.04911632653062
16.047520408163273
16.046561224489803
16.046561224489803
16.046561224489803
16.04432653061225
16.04432653061225
16.04368979591837
16.043051020408168
16.043051020408168
16.042730612244902
16.043687755102045
16.044006122448984
16.042089795918372
16.041451020408168
16.040493877551025
16.03985510204082
16.038259183673475
16.038259183673475
16.037302040816336
16.035706122448985
16.033789795918373
16.034748979591843
16.034748979591843
16.033789795918373
16.032512244897966
16.03155510204082
16.030279591836738
16.030279591836738
16.02932040816327
16.02932040816327
16.028681632653065
16.027406122448983
16.028044897959187
16.025810204081637
16.02421428571429
16.022297959183675
16.021338775510205
16.02101836734694
16.019740816326532
16.020379591836736
16.018144897959182
16.017506122448978
16.015589795918363
16.01495102040816
16.014312244897955
16.014312244897955
16.013993877551016
16.011759183673465
16.012716326530608
16.013036734693873
16.012718367346935
16.010802040816323
16.008567346938772
16.008885714285707
16.009206122448976
16.008246938775503
16.007926530612238
16.007287755102034
16.0069693877551
16.0069693877551
16.00665102040816
16.007608163265303
16.008246938775507
16.0069693877551
16.0069693877551
16.006012244897953
16.005693877551014
16.004416326530606
16.003459183673463
16.003140816326525
16.00122448979591
15.999946938775503
15.998989795918359
15.998671428571422
15.99771428571428
15.99643673469387
15.994202040816319
15.993244897959174
15.991010204081622
15.990371428571416
15.990371428571416
15.989093877551007
15.989093877551007
15.98973265306121
15.989093877551007
15.988775510204068
15.987179591836721
15.986540816326515
15.985263265306104
15.986220408163248
15.985902040816311
15.985583673469373
15.985583673469373
15.984306122448963
15.982710204081615
15.982710204081615
15.98238979591835
15.980793877551001
15.978877551020387
15.979195918367326
15.978557142857122
15.979832653061203
15.979193877551
15.97791632653059
15.977597959183653
15.977279591836714
15.97632244897957
15.976640816326508
15.97504489795916
15.973128571428546
15.971853061224465
15.970257142857117
15.969618367346913
15.96897959183671
15.969936734693853
15.968340816326506
15.968340816326506
15.967383673469364
15.967063265306098
15.967063265306098
15.96546734693875
15.965148979591813
15.964191836734669
15.963871428571403
15.962593877550995
15.962273469387728
15.961955102040791
15.962273469387728
15.962912244897936
15.963869387755079
15.963869387755079
15.964187755102017
15.963548979591813
15.964187755102017
15.962271428571404
15.962271428571404
15.960993877550996
15.960993877550996
15.959397959183647
15.958759183673443
15.958438775510178
15.957799999999974
15.957799999999974
15.958118367346911
15.958118367346911
15.957799999999974
15.95812040816324
15.958440816326506
15.957483673469362
15.957165306122425
15.95525102040814
15.955571428571405
15.954293877550997
15.951740816326506
15.950144897959158
15.949185714285688
15.946951020408136
15.946312244897932
15.946632653061199
15.945993877550995
15.946312244897932
15.945993877550995
15.94503673469385
15.943120408163237
15.942799999999972
15.942481632653033
15.942161224489768
15.942481632653033
15.941842857142829
15.942799999999972
15.94088367346936
15.940563265306094
15.94088367346936
15.941522448979564
15.942799999999972
15.942161224489768
15.941522448979564
15.939926530612215
15.93705306122446
15.936095918367318
15.934181632653033
15.934181632653033
15.9345020408163
15.935140816326504
15.935461224489769
15.936099999999973
15.935781632653036
15.93418571428569
15.933865306122424
15.93322653061222
15.932587755102016
15.930991836734671
15.930353061224467
15.927479591836711
15.927479591836711
15.926520408163242
15.92460408163263
15.923965306122426
15.923965306122426
15.923008163265283
15.920773469387731
15.920136734693854
15.919177551020386
15.917899999999978
15.919177551020386
15.918220408163243
15.916944897959162
15.916624489795897
15.915667346938752
15.914389795918344
15.913432653061202
15.913112244897935
15.911836734693853
15.912795918367323
15.911199999999976
15.911199999999976
15.910879591836709
15.910879591836709
15.90864489795916
15.908965306122424
15.90832653061222
15.908006122448954
15.908006122448954
15.906728571428546
15.906408163265281
15.906408163265281
15.906408163265281
15.90608979591834
15.904493877550992
15.904493877550992
15.902897959183647
15.900981632653036
15.899706122448954
15.898110204081606
15.897471428571402
15.895875510204055
15.895875510204055
15.894599999999974
15.89492040816324
15.894283673469362
15.893965306122421
15.89268979591834
15.89364693877548
15.892689795918338
15.891414285714255
15.892371428571398
15.892053061224459
15.891732653061194
15.891732653061194
15.892051020408134
15.892051020408134
15.893010204081602
15.893330612244865
15.892053061224457
15.891734693877517
15.892053061224457
15.890777551020376
15.890777551020376
15.890777551020376
15.890457142857112
15.889818367346908
15.890457142857112
15.8885408163265
15.887581632653033
15.886624489795892
15.884389795918342
15.882155102040793
15.882475510204056
15.882475510204056
15.881518367346915
15.87992244897957
15.878008163265283
15.876093877550998
15.87545714285712
15.87449999999998
15.872904081632631
15.872265306122427
15.871944897959164
15.870667346938756
15.870667346938756
15.870028571428552
15.869708163265289
15.869387755102025
15.868430612244884
15.86779183673468
15.867153061224476
15.866514285714272
15.865236734693864
15.86459795918366
15.864277551020397
15.864277551020397
15.86364081632652
15.864597959183662
15.864597959183662
15.864597959183662
15.86364081632652
15.86364081632652
15.86364081632652
15.863002040816315
15.861724489795908
15.861085714285704
15.8604469387755
15.858851020408155
15.859169387755095
15.858530612244891
15.858210204081628
15.857889795918362
15.855975510204077
15.855336734693873
15.854061224489792
15.852783673469384
15.851508163265303
15.851508163265303
15.85055102040816
15.85055102040816
15.851189795918362
15.849593877551017
15.84863469387755
15.847359183673468
15.847997959183672
15.846402040816328
15.845444897959185
15.844167346938777
15.843848979591838
15.844167346938777
15.844485714285717
15.844485714285717
15.844804081632658
15.843528571428577
15.84384897959184
15.843210204081636
15.842571428571432
15.841932653061228
15.841293877551024
15.841293877551024
15.841932653061228
15.841293877551024
15.84097346938776
15.841293877551024
15.84065510204082
15.839059183673475
15.836824489795923
15.83650408163266
15.834908163265315
15.834587755102051
15.832673469387766
15.831395918367358
15.831716326530621
15.832034693877562
15.83107755102042
15.830120408163278
15.829802040816338
15.829802040816338
15.829483673469397
15.829165306122459
15.827889795918377
15.826932653061235
15.827253061224498
15.826932653061235
15.826932653061235
15.82629387755103
15.824697959183684
15.824697959183684
15.824697959183684
15.824379591836744
15.825016326530621
15.82469795918368
15.825655102040823
15.824379591836742
15.825975510204087
15.82661428571429
15.826932653061231
15.826293877551027
15.825975510204087
15.825975510204087
15.82533877551021
15.82533877551021
15.82533877551021
15.823742857142863
15.824063265306126
15.824383673469391
15.824065306122451
15.824065306122451
15.82374693877551
15.823426530612247
15.82278979591837
15.823110204081633
15.82247142857143
15.821832653061225
15.822151020408162
15.822151020408162
15.820555102040815
15.820236734693875
15.818961224489794
15.819279591836734
15.818002040816326
15.815448979591837
15.815130612244896
15.815448979591835
15.816085714285713
15.816724489795916
15.814810204081631
15.813853061224489
15.812895918367348
15.812257142857144
15.812895918367348
15.810979591836736
15.810342857142858
15.81002448979592
15.809704081632654
15.809067346938777
15.808748979591838
15.807153061224492
15.806195918367349
15.804600000000002
15.804600000000002
15.803961224489798
15.803961224489798
15.803640816326535
15.802681632653064
15.801406122448983
15.800448979591842
15.799491836734699
15.797895918367352
15.797257142857148
15.7956612244898
15.79470204081633
15.795977551020412
15.7940612244898
15.791508163265311
15.78927346938776
15.787359183673473
15.787040816326536
15.785444897959188
15.785763265306127
15.785124489795923
15.783846938775515
15.782889795918374
15.783208163265314
15.782889795918376
15.782889795918376
15.782571428571439
15.782571428571439
15.78193469387756
15.781297959183682
15.783212244897967
15.78289387755103
15.782575510204092
15.780342857142866
15.777469387755112
15.776512244897967
15.777151020408171
15.777789795918375
15.778428571428579
15.77746938775511
15.776512244897965
15.775553061224496
15.774914285714292
15.774277551020413
15.774277551020413
15.774914285714292
15.775234693877557
15.773318367346944
15.773638775510209
15.771404081632658
15.769169387755106
15.76757346938776
15.765020408163267
15.763744897959185
15.762787755102043
15.761830612244898
15.760871428571429
15.76023469387755
15.75895714285714
15.757999999999996
15.757042857142853
15.75448979591836
15.75448979591836
15.75448979591836
15.75448979591836
15.75512653061224
15.753210204081626
15.753210204081626
15.75129591836734
15.748742857142851
15.747785714285707
15.747785714285707
15.746510204081625
15.744914285714277
15.744914285714277
15.744914285714277
15.74331836734693
15.742679591836726
15.743636734693869
15.743318367346932
15.74235918367346
15.741720408163259
15.742357142857136
15.742357142857136
15.742993877551013
15.742034693877544
15.74139591836734
15.74043673469387
15.740757142857136
15.742034693877546
15.741397959183669
15.741077551020402
15.74171428571428
15.741075510204077
15.738204081632647
15.736608163265299
15.736289795918362
15.735969387755095
15.736289795918362
15.735332653061219
15.735012244897954
15.735012244897954
15.735651020408158
15.735651020408158
15.73405510204081
15.733418367346932
15.733097959183667
15.733418367346932
15.734375510204076
15.734695918367342
15.734695918367342
15.733738775510197
15.732779591836728
15.732461224489791
15.730865306122443
15.731185714285708
15.730228571428565
15.729908163265298
15.730226530612237
15.729908163265298
15.729587755102033
15.72767142857142
15.728308163265297
15.727351020408152
15.725755102040806
15.725434693877538
15.725114285714273
15.724157142857129
15.721922448979578
15.722242857142843
15.721922448979578
15.72032653061223
15.721283673469374
15.720008163265291
15.719051020408148
15.717134693877535
15.71617755102039
15.71489999999998
15.712983673469367
15.713620408163244
15.712024489795896
15.710748979591814
15.711387755102018
15.712026530612222
15.711387755102018
15.7126632653061
15.712026530612222
15.711387755102018
15.712026530612222
15.712026530612222
15.711387755102018
15.71042857142855
15.71042857142855
15.71074693877549
15.710108163265286
15.709789795918347
15.708830612244878
15.707555102040796
15.70723469387753
15.706916326530592
15.706597959183654
15.70691836734692
15.70691836734692
15.70564285714284
15.70564285714284
15.70564285714284
15.705963265306105
15.705963265306105
15.70564285714284
15.70500612244896
15.705965306122431
15.704051020408146
15.704051020408146
15.702773469387738
15.702773469387738
15.702773469387738
15.702134693877534
15.702134693877534
15.700538775510186
15.699263265306104
15.699583673469371
15.698626530612227
15.69830612244896
15.697030612244879
15.697030612244879
15.697351020408146
15.697671428571411
15.697034693877534
15.694802040816308
15.695122448979575
15.694483673469371
15.693844897959167
15.692567346938759
15.692567346938759
15.691291836734678
15.68969591836733
15.689375510204064
15.68841836734692
15.687461224489779
15.687461224489779
15.68714285714284
15.68490816326529
15.685226530612226
15.684269387755082
15.684269387755082
15.684589795918349
15.684908163265286
15.683951020408145
15.683630612244878
15.683948979591817
15.683948979591817
15.682991836734672
15.684267346938753
15.682032653061203
15.68107551020406
15.680436734693856
15.679161224489775
15.678842857142838
15.67724693877549
15.675012244897939
15.674693877550999
15.674055102040795
15.674373469387731
15.67341632653059
15.671502040816305
15.670863265306101
15.670542857142836
15.668946938775488
15.667030612244876
15.665434693877529
15.663199999999978
15.663838775510182
15.663199999999978
15.662563265306101
15.661285714285693
15.660008163265287
15.660008163265287
15.66096530612243
15.660326530612226
15.660326530612226
15.659369387755083
15.659051020408143
15.658732653061202
15.658412244897937
15.659048979591814
15.659048979591814
15.658089795918347
15.65872857142855
15.658343749999979
15.658274468085084
15.659221739130412
15.6588222222222
15.659113636363616
15.658327906976723
15.65750476190474
15.656260975609733
15.656127499999977
15.655587179487156
15.654194736842083
15.653148648648624
15.6533472222222
15.65266571428569
15.653782352941153
15.65354545454543
15.652315624999975
15.652519354838683
15.65221666666664
15.65243103448273
15.653778571428543
15.654066666666635
15.65317692307689
15.652215999999967
